1,12,0,11,19,30,56,100,111,128,156,178,217,401,1,1,1,1,1,1,1,1,1,1,1,1
2,4,1,123,135,315,1,1,1,1
3,4,2,147,151,357,1,1,1,1
4,11,1,6,13,63,162,353,361,393,439,652,718,1,1,1,1,1,1,1,1,1,1,1
5,1,4,1
7,6,0,48,192,359,664,827,1,1,1,1,1,1
8,5,1,53,66,149,684,1,1,1,1,1
9,10,1,44,49,70,231,250,269,336,422,837,1,1,1,1,1,1,1,1,1,1
10,2,7,233,1,1
12,1,8,1
14,2,4,208,1,1
15,4,1,65,92,241,1,1,1,1
16,6,1,41,69,107,376,379,1,1,1,1,1,1
17,4,16,37,236,480,1,1,1,1
18,1,8,1
20,3,1,565,637,1,1,1
21,3,1,173,323,1,1,1
22,2,20,285,1,1
23,4,1,43,197,812,1,1,1,1
24,3,15,317,403,1,1,1
25,1,1,1
26,3,2,349,440,1,1,1
27,1,15,1
28,4,9,193,259,665,1,1,1,1
29,1,18,1
31,9,10,71,106,205,542,568,594,636,804,1,1,1,1,1,1,1,1,1
32,3,4,34,155,1,1,1
33,1,4,1
35,3,16,122,206,1,1,1
36,2,2,284,1,1
38,1,25,1
39,5,14,85,93,809,942,1,1,1,1,1
40,2,35,273,1,1
42,1,26,1
45,2,4,182,1,1
46,1,4,1
47,3,26,79,796,1,1,1
50,1,34,1
51,2,1,274,1,1
52,1,1,1
54,2,0,657,1,1
55,2,37,73,1,1
57,8,1,129,152,230,268,601,656,719,1,1,1,1,1,1,1,1
58,1,32,1
59,1,4,1
60,3,25,304,471,1,1,1
61,1,2,1
62,3,31,252,892,1,1,1
64,2,7,140,1,1
67,1,20,1
68,3,10,223,515,1,1,1
72,4,31,105,286,288,1,1,1,1
74,2,4,174,1,1
75,2,23,345,1,1
76,1,49,1
77,3,7,334,533,1,1,1
78,2,1,84,1,1
80,1,10,1
81,1,4,1
82,2,16,154,1,1
83,1,18,1
86,1,35,1
87,2,35,818,1,1
88,4,9,153,414,537,1,1,1,1
89,2,1,852,1,1
90,1,17,1
91,4,82,110,395,584,1,1,1,1
94,1,59,1
95,1,43,1
96,1,89,1
97,2,96,171,1,1
98,1,54,1
99,1,9,1
101,1,97,1
102,1,71,1
103,1,23,1
104,1,4,1
108,3,84,267,459,1,1,1
109,3,8,130,309,1,1,1
112,1,2,1
113,1,87,1
114,1,14,1
115,1,9,1
116,1,40,1
117,1,70,1
118,1,1,1
119,2,2,184,1,1
120,1,1,1
121,1,6,1
124,1,40,1
125,4,10,270,354,672,1,1,1,1
126,1,78,1
127,1,68,1
131,1,53,1
132,1,15,1
133,1,76,1
134,1,40,1
136,2,10,483,1,1
137,1,35,1
138,2,68,555,1,1
139,1,92,1
141,1,129,1
142,1,31,1
143,1,1,1
144,3,55,289,305,1,1,1
145,1,4,1
146,1,93,1
148,1,30,1
150,2,1,172,1,1
157,1,1,1
158,1,78,1
159,1,1,1
160,6,10,166,180,310,375,512,1,1,1,1,1,1
161,1,7,1
163,1,10,1
164,1,41,1
165,1,1,1
167,2,1,328,1,1
168,1,0,1
169,1,134,1
170,3,20,405,454,1,1,1
175,1,64,1
176,1,4,1
177,1,146,1
179,2,111,383,1,1
181,2,59,572,1,1
183,1,19,1
185,1,90,1
186,1,134,1
187,2,1,569,1,1
188,1,174,1
189,1,0,1
190,1,179,1
191,1,188,1
194,1,31,1
195,1,21,1
196,1,179,1
198,1,15,1
199,2,39,364,1,1
200,1,108,1
201,1,27,1
202,1,23,1
203,1,68,1
204,1,111,1
207,1,18,1
209,1,206,1
210,1,24,1
211,1,67,1
212,1,92,1
213,1,60,1
214,1,10,1
215,1,31,1
216,1,139,1
218,2,136,497,1,1
219,1,171,1
220,1,4,1
221,1,82,1
222,2,26,352,1,1
224,1,67,1
225,1,143,1
226,1,0,1
227,1,0,1
228,1,60,1
229,1,87,1
232,1,18,1
234,1,7,1
235,1,217,1
237,1,68,1
238,1,156,1
239,1,9,1
240,1,108,1
242,1,2,1
243,1,138,1
244,2,21,446,1,1
245,1,1,1
246,4,236,290,558,639,1,1,1,1
247,1,162,1
248,1,23,1
249,1,4,1
251,1,122,1
253,1,116,1
254,1,150,1
255,1,227,1
256,1,156,1
257,1,138,1
258,1,75,1
260,1,31,1
261,1,60,1
262,1,134,1
263,1,2,1
264,1,68,1
265,3,1,337,566,1,1,1
266,1,244,1
271,1,108,1
272,1,0,1
275,1,167,1
276,1,122,1
277,1,26,1
278,1,3,1
279,1,1,1
280,1,222,1
281,1,27,1
282,1,131,1
283,1,282,1
287,1,119,1
291,1,218,1
292,1,209,1
293,1,257,1
294,1,285,1
295,1,84,1
296,1,59,1
297,1,15,1
298,1,1,1
299,1,192,1
300,1,7,1
301,1,182,1
302,1,116,1
303,1,134,1
306,1,60,1
307,1,4,1
308,1,87,1
311,1,197,1
312,1,96,1
313,1,89,1
314,3,4,371,889,1,1,1
316,1,26,1
318,1,187,1
319,1,235,1
320,1,291,1
321,1,31,1
322,3,208,531,587,1,1,1
324,2,323,828,1,1
325,1,108,1
326,2,7,561,1,1
327,1,74,1
329,1,133,1
330,1,97,1
331,1,68,1
332,1,2,1
333,1,143,1
335,2,112,450,1,1
338,1,11,1
339,1,2,1
340,1,125,1
341,1,109,1
342,1,1,1
343,1,181,1
344,1,265,1
346,1,96,1
347,1,109,1
348,1,154,1
350,1,20,1
351,1,114,1
355,1,144,1
356,1,353,1
358,1,218,1
360,1,78,1
362,1,88,1
363,1,268,1
365,1,26,1
366,1,78,1
367,1,301,1
368,1,292,1
369,1,54,1
370,1,82,1
372,1,306,1
373,1,173,1
374,1,64,1
377,1,85,1
378,1,125,1
380,1,274,1
381,1,205,1
382,1,210,1
384,1,216,1
385,1,26,1
386,1,67,1
387,1,6,1
388,1,87,1
389,1,73,1
390,1,10,1
391,1,107,1
392,1,151,1
394,1,289,1
396,1,123,1
397,1,1,1
398,1,108,1
399,1,359,1
400,1,264,1
402,1,112,1
404,1,352,1
406,1,28,1
407,1,68,1
408,1,7,1
409,1,135,1
410,1,2,1
411,1,9,1
412,1,378,1
413,1,0,1
415,1,96,1
416,1,102,1
417,1,153,1
418,1,9,1
419,1,82,1
420,1,74,1
421,1,184,1
423,1,78,1
424,1,9,1
425,1,352,1
426,1,234,1
427,1,144,1
428,1,136,1
429,1,26,1
430,1,4,1
431,1,152,1
432,1,78,1
433,1,164,1
434,1,31,1
435,1,114,1
436,1,10,1
437,1,135,1
438,1,328,1
441,1,53,1
442,1,150,1
443,1,383,1
444,1,202,1
445,1,7,1
447,1,291,1
448,1,55,1
449,1,364,1
451,1,233,1
452,1,140,1
453,1,204,1
455,1,450,1
456,1,284,1
457,1,252,1
458,1,166,1
460,1,318,1
461,1,179,1
462,1,267,1
463,1,150,1
464,1,304,1
465,1,155,1
466,1,9,1
467,1,36,1
468,1,187,1
469,1,55,1
470,1,68,1
472,1,133,1
473,1,4,1
474,1,309,1
475,1,146,1
476,1,50,1
477,3,359,487,620,1,1,1
478,1,109,1
479,1,288,1
481,1,4,1
482,1,25,1
484,1,180,1
485,1,31,1
486,1,392,1
488,1,31,1
489,1,15,1
490,1,305,1
491,1,336,1
492,1,7,1
493,1,32,1
494,1,393,1
495,1,45,1
496,1,308,1
498,2,1,502,1,1
499,1,76,1
500,1,378,1
501,1,4,1
503,1,318,1
504,1,478,1
505,1,223,1
506,1,477,1
507,1,328,1
508,1,480,1
509,1,354,1
510,1,414,1
511,1,498,1
513,1,282,1
514,1,26,1
516,1,44,1
517,1,148,1
518,1,1,1
519,1,417,1
520,1,114,1
521,1,10,1
522,1,457,1
523,1,96,1
524,1,77,1
525,1,319,1
526,1,82,1
527,1,409,1
528,1,392,1
529,1,35,1
530,1,4,1
532,1,250,1
534,1,1,1
535,1,31,1
536,1,128,1
538,1,153,1
539,1,502,1
540,1,74,1
541,1,4,1
543,1,100,1
544,1,37,1
545,1,149,1
546,1,144,1
547,1,9,1
548,1,449,1
549,1,264,1
550,1,32,1
551,1,56,1
552,1,89,1
553,1,507,1
554,1,250,1
556,1,446,1
557,1,273,1
559,1,318,1
560,1,533,1
562,1,405,1
563,1,477,1
564,1,7,1
567,1,72,1
570,1,130,1
571,1,7,1
573,1,450,1
574,1,244,1
575,1,371,1
576,1,57,1
577,1,403,1
578,1,235,1
579,1,107,1
580,1,74,1
581,1,106,1
582,1,241,1
583,1,306,1
585,1,23,1
586,1,356,1
588,1,324,1
589,1,247,1
590,1,565,1
591,1,322,1
592,1,573,1
593,1,298,1
595,1,222,1
596,1,566,1
597,1,306,1
598,1,440,1
599,1,160,1
600,1,548,1
602,1,483,1
603,1,99,1
604,1,41,1
605,1,60,1
606,1,123,1
607,1,79,1
608,1,389,1
609,1,568,1
610,1,88,1
611,1,521,1
612,1,67,1
613,1,507,1
614,1,227,1
615,1,555,1
616,1,10,1
617,1,306,1
618,1,562,1
619,1,9,1
621,1,227,1
622,1,187,1
623,1,431,1
624,1,233,1
625,1,114,1
626,1,381,1
627,1,531,1
628,1,259,1
629,1,314,1
630,1,119,1
631,1,554,1
632,1,152,1
633,1,421,1
634,1,4,1
635,1,60,1
638,1,45,1
640,1,72,1
641,1,10,1
642,1,315,1
643,1,2,1
644,1,532,1
645,1,48,1
646,1,436,1
647,1,379,1
648,1,170,1
649,1,273,1
650,1,306,1
651,1,7,1
653,1,4,1
654,1,1,1
655,1,246,1
658,1,125,1
659,1,4,1
660,1,269,1
661,1,4,1
662,1,31,1
663,1,439,1
666,1,88,1
667,1,139,1
668,1,381,1
669,1,284,1
670,1,22,1
671,1,1,1
673,1,478,1
674,1,35,1
675,1,393,1
676,1,181,1
677,1,160,1
678,1,199,1
679,1,3,1
680,1,569,1
681,1,274,1
682,1,82,1
683,1,119,1
685,1,361,1
686,1,620,1
687,1,50,1
688,1,458,1
689,1,1,1
690,1,31,1
691,1,268,1
692,1,579,1
693,1,263,1
694,1,335,1
695,1,449,1
696,1,235,1
697,1,618,1
698,1,584,1
699,1,67,1
700,1,568,1
701,1,180,1
702,1,259,1
703,1,256,1
704,1,1,1
705,1,264,1
706,1,291,1
707,1,13,1
708,1,140,1
709,1,125,1
710,1,1,1
711,1,401,1
712,1,202,1
713,1,174,1
714,1,664,1
715,1,20,1
716,1,4,1
717,1,289,1
720,1,645,1
721,1,334,1
722,1,308,1
723,1,138,1
724,1,202,1
725,1,199,1
726,1,675,1
727,1,18,1
728,1,462,1
729,1,64,1
730,1,129,1
731,1,533,1
732,1,139,1
733,1,542,1
734,1,234,1
735,1,99,1
736,1,1,1
737,1,160,1
738,1,326,1
739,1,572,1
740,1,436,1
741,1,15,1
742,1,66,1
743,1,57,1
744,1,60,1
745,1,257,1
746,1,282,1
747,1,554,1
748,1,672,1
749,1,361,1
750,1,63,1
751,1,324,1
752,1,7,1
753,1,99,1
754,1,112,1
755,1,1,1
756,1,110,1
757,1,713,1
758,1,594,1
759,1,637,1
760,1,345,1
761,1,669,1
762,1,561,1
763,1,1,1
764,1,414,1
765,1,15,1
766,1,23,1
767,1,1,1
768,1,639,1
769,1,375,1
770,1,409,1
771,1,573,1
772,1,594,1
773,1,9,1
774,1,147,1
775,1,173,1
776,1,2,1
777,1,308,1
778,1,383,1
779,1,639,1
780,1,645,1
781,1,620,1
782,1,28,1
783,1,478,1
784,1,454,1
785,1,7,1
786,1,618,1
787,1,172,1
788,1,401,1
789,1,308,1
790,1,73,1
791,1,623,1
792,1,669,1
793,1,587,1
794,1,210,1
795,1,494,1
797,1,579,1
798,1,178,1
799,1,497,1
800,1,128,1
801,1,728,1
802,1,69,1
803,1,27,1
805,1,719,1
806,1,263,1
807,1,7,1
808,1,23,1
810,1,665,1
811,1,471,1
813,1,210,1
814,1,32,1
815,1,202,1
816,1,521,1
817,1,512,1
819,1,747,1
820,1,601,1
821,1,116,1
822,1,684,1
823,1,337,1
824,1,298,1
825,1,308,1
826,1,718,1
829,1,162,1
830,1,502,1
831,1,537,1
832,1,131,1
833,1,51,1
834,1,57,1
835,1,35,1
836,1,45,1
838,1,837,1
839,1,403,1
840,1,487,1
841,1,818,1
842,1,4,1
843,1,18,1
844,1,645,1
845,1,134,1
846,1,36,1
847,1,9,1
848,1,667,1
849,1,478,1
850,1,68,1
851,1,236,1
853,1,558,1
854,1,15,1
855,1,27,1
856,1,23,1
857,1,223,1
858,1,182,1
859,1,669,1
860,1,378,1
861,1,515,1
862,1,45,1
863,1,817,1
864,1,78,1
865,1,35,1
866,1,756,1
867,1,7,1
868,1,89,1
869,1,199,1
870,1,170,1
871,1,521,1
872,1,193,1
873,1,1,1
874,1,349,1
875,1,257,1
876,1,2,1
877,1,826,1
878,1,308,1
879,1,230,1
880,1,392,1
881,1,265,1
882,1,167,1
883,1,35,1
884,1,22,1
885,1,75,1
886,1,143,1
887,1,422,1
888,1,812,1
890,1,556,1
891,1,317,1
893,1,234,1
894,1,144,1
895,1,889,1
896,1,796,1
897,1,125,1
898,1,15,1
899,1,4,1
900,1,652,1
901,1,11,1
902,1,31,1
903,1,2,1
904,1,292,1
905,1,285,1
906,1,290,1
907,1,389,1
908,1,892,1
909,1,79,1
910,1,4,1
911,1,9,1
912,1,787,1
913,1,4,1
914,1,387,1
915,1,32,1
916,1,827,1
917,1,78,1
918,1,47,1
919,1,9,1
920,1,1,1
921,1,627,1
922,1,1,1
923,1,804,1
924,1,542,1
925,1,812,1
926,1,62,1
927,1,459,1
928,1,436,1
929,1,210,1
930,1,75,1
931,1,227,1
932,1,231,1
933,1,64,1
934,1,8,1
935,1,924,1
936,1,49,1
937,1,22,1
938,1,19,1
939,1,75,1
940,1,286,1
941,1,51,1
943,1,251,1
944,1,299,1
945,1,3,1
946,1,852,1
947,1,10,1
948,1,810,1
949,1,657,1
950,1,645,1
951,1,204,1
952,1,2,1
953,1,65,1
954,1,357,1
955,1,2,1
956,1,376,1
957,1,246,1
958,1,483,1
959,1,324,1
960,1,23,1
961,1,335,1
962,1,71,1
963,1,16,1
964,1,459,1
965,1,146,1
966,1,138,1
967,1,656,1
968,1,498,1
969,1,202,1
970,1,310,1
971,1,298,1
972,1,90,1
973,1,636,1
974,1,105,1
975,1,877,1
976,1,75,1
977,1,938,1
978,1,942,1
979,1,109,1
980,1,90,1
981,1,270,1
982,1,39,1
983,1,35,1
984,1,395,1
985,1,905,1
986,1,828,1
987,1,326,1
988,1,1,1
989,1,206,1
990,1,713,1
991,1,263,1
992,1,60,1
993,1,449,1
994,1,809,1
995,1,40,1
996,1,322,1
997,1,354,1
998,1,138,1
999,1,409,1
