0,5,3,110,188,258,331,1,1,1,1,1
1,13,0,15,19,68,127,137,149,178,233,341,355,399,403,1,1,1,1,1,1,1,1,1,1,1,1,1
2,1,1,1
4,6,0,84,105,120,232,333,1,1,1,1,1,1
5,4,1,31,254,288,1,1,1,1
6,1,1,1
7,1,4,1
8,2,5,196,1,1
9,8,2,33,40,47,70,123,218,261,1,1,1,1,1,1,1,1
10,1,5,1
11,4,4,86,100,125,1,1,1,1
12,3,9,170,175,1,1,1
13,1,12,1
14,3,11,73,128,1,1,1
16,5,14,28,30,160,275,1,1,1,1,1
17,4,0,61,83,143,1,1,1,1
18,1,4,1
20,2,1,65,1,1
21,1,12,1
22,1,3,1
23,1,0,1
24,6,5,49,69,71,193,281,1,1,1,1,1,1
25,3,1,109,176,1,1,1
26,3,17,51,312,1,1,1
27,2,12,142,1,1
29,3,2,46,256,1,1,1
32,2,16,59,1,1
34,3,1,43,85,1,1,1
35,1,1,1
36,1,23,1
37,1,1,1
38,1,25,1
39,1,3,1
41,2,4,95,1,1
42,1,1,1
44,2,4,483,1,1
45,1,15,1
48,1,46,1
50,2,20,78,1,1
52,1,4,1
53,4,1,139,141,286,1,1,1,1
54,1,14,1
55,1,32,1
56,2,14,75,1,1
57,1,43,1
58,1,42,1
60,1,25,1
62,2,16,165,1,1
63,3,53,204,324,1,1,1
64,1,1,1
66,1,17,1
67,1,40,1
72,1,50,1
74,2,11,96,1,1
76,1,24,1
77,1,56,1
79,1,17,1
80,1,9,1
81,1,2,1
82,2,53,99,1,1
87,1,1,1
88,1,4,1
89,4,32,119,153,294,1,1,1,1
90,1,16,1
91,1,53,1
92,1,23,1
93,1,16,1
94,1,9,1
97,1,54,1
98,1,69,1
101,2,99,104,1,1
102,1,14,1
103,1,1,1
106,1,4,1
107,1,4,1
108,1,5,1
111,1,59,1
112,1,12,1
113,3,17,187,372,1,1,1
114,3,63,158,412,1,1,1
115,1,14,1
116,1,29,1
117,2,29,189,1,1
118,1,25,1
121,3,71,186,266,1,1,1
122,1,76,1
124,1,8,1
126,1,111,1
129,1,17,1
130,1,19,1
131,1,120,1
132,1,125,1
133,1,49,1
134,1,101,1
135,1,89,1
136,1,65,1
138,1,14,1
140,1,117,1
144,1,121,1
145,1,25,1
146,1,1,1
147,1,128,1
148,1,131,1
150,1,113,1
151,1,16,1
152,1,12,1
154,1,30,1
155,1,18,1
156,1,2,1
157,1,126,1
159,1,74,1
161,1,51,1
162,1,158,1
163,1,147,1
164,1,24,1
166,1,47,1
167,1,84,1
168,1,147,1
169,2,26,191,1,1
171,1,9,1
172,1,165,1
173,1,89,1
174,1,48,1
177,1,14,1
179,1,9,1
180,1,122,1
181,1,17,1
182,1,176,1
183,1,12,1
184,1,101,1
185,1,49,1
190,1,89,1
192,1,4,1
194,1,83,1
195,1,23,1
197,1,4,1
198,1,5,1
199,1,101,1
200,1,172,1
201,1,161,1
202,1,113,1
203,1,109,1
205,1,78,1
206,1,5,1
207,1,179,1
208,1,67,1
209,1,99,1
210,1,179,1
211,1,205,1
212,1,175,1
213,1,153,1
214,1,4,1
215,2,82,394,1,1
216,1,127,1
217,1,25,1
219,1,205,1
220,1,1,1
221,1,122,1
222,1,41,1
223,1,42,1
224,1,137,1
225,1,52,1
226,1,71,1
227,1,27,1
228,1,191,1
229,1,18,1
230,1,19,1
231,1,162,1
234,1,70,1
235,1,121,1
236,1,104,1
237,1,44,1
238,1,11,1
239,1,123,1
240,1,4,1
241,1,188,1
242,1,186,1
243,1,1,1
244,1,160,1
245,1,89,1
246,1,33,1
247,1,8,1
248,1,62,1
249,1,133,1
250,1,113,1
251,1,131,1
252,1,5,1
253,1,5,1
255,1,31,1
257,1,54,1
259,1,17,1
260,1,61,1
262,1,9,1
263,1,193,1
264,1,261,1
265,1,52,1
267,1,105,1
268,1,153,1
269,1,16,1
270,1,42,1
271,1,203,1
272,1,121,1
273,1,84,1
274,1,1,1
276,1,112,1
277,1,20,1
278,1,196,1
279,1,215,1
280,1,24,1
282,1,149,1
283,1,189,1
284,1,193,1
285,1,256,1
287,1,9,1
289,1,186,1
290,1,112,1
291,1,203,1
292,1,82,1
293,1,4,1
295,1,14,1
296,1,53,1
297,1,233,1
298,1,98,1
299,1,62,1
300,1,52,1
301,1,258,1
302,1,27,1
303,1,14,1
304,1,0,1
305,1,178,1
306,1,78,1
307,1,44,1
308,1,48,1
309,1,74,1
310,1,278,1
311,1,26,1
313,1,42,1
314,1,1,1
315,1,44,1
316,1,41,1
317,1,86,1
318,1,12,1
319,1,95,1
320,1,143,1
321,1,30,1
322,1,62,1
323,1,117,1
325,1,68,1
326,1,28,1
327,1,288,1
328,1,119,1
329,1,52,1
330,1,165,1
332,1,111,1
334,1,105,1
335,1,141,1
336,1,187,1
337,1,76,1
338,1,141,1
339,1,11,1
340,1,100,1
342,1,233,1
343,1,281,1
344,1,126,1
345,1,56,1
346,1,113,1
347,1,15,1
348,1,89,1
349,1,333,1
350,1,11,1
351,1,50,1
352,1,1,1
353,1,122,1
354,1,20,1
356,1,70,1
357,1,305,1
358,1,98,1
359,1,169,1
360,1,241,1
361,1,52,1
362,1,1,1
363,1,218,1
364,1,142,1
365,1,297,1
366,1,114,1
367,1,189,1
368,1,131,1
369,1,110,1
370,1,40,1
371,1,200,1
373,1,211,1
374,1,25,1
375,1,67,1
376,1,29,1
377,1,169,1
378,1,114,1
379,1,14,1
380,1,48,1
381,1,63,1
382,1,215,1
383,1,331,1
384,1,215,1
385,1,139,1
386,1,82,1
387,1,50,1
388,1,22,1
389,1,149,1
390,1,166,1
391,1,16,1
392,1,360,1
393,1,324,1
395,1,33,1
396,1,11,1
397,1,340,1
398,1,75,1
400,1,169,1
401,1,132,1
402,1,54,1
404,1,218,1
405,1,18,1
406,1,34,1
407,1,294,1
408,1,167,1
409,1,137,1
410,1,85,1
411,1,89,1
413,1,25,1
414,1,266,1
415,1,29,1
416,1,232,1
417,1,355,1
418,1,399,1
419,1,242,1
420,1,412,1
421,1,254,1
422,1,16,1
423,1,32,1
424,1,392,1
425,1,20,1
426,1,53,1
427,1,205,1
428,1,89,1
429,1,286,1
430,1,142,1
431,1,128,1
432,1,101,1
433,1,1,1
434,1,4,1
435,1,403,1
436,1,42,1
437,1,161,1
438,1,120,1
439,1,327,1
440,1,268,1
441,1,1,1
442,1,47,1
443,1,96,1
444,1,14,1
445,1,2,1
446,1,264,1
447,1,101,1
448,1,111,1
449,1,112,1
450,1,12,1
451,1,325,1
452,1,73,1
453,1,204,1
454,1,170,1
455,1,121,1
456,1,133,1
457,1,394,1
458,1,34,1
459,1,24,1
460,1,341,1
461,1,273,1
462,1,76,1
463,1,1,1
464,1,286,1
465,1,0,1
466,1,275,1
467,1,325,1
468,1,89,1
469,1,4,1
470,1,179,1
471,1,179,1
472,1,204,1
473,1,54,1
474,1,334,1
475,1,372,1
476,1,399,1
477,1,25,1
478,1,29,1
479,1,312,1
480,1,179,1
481,1,246,1
482,1,215,1
484,1,188,1
485,1,301,1
486,1,74,1
487,1,56,1
488,1,14,1
489,1,483,1
490,1,158,1
491,1,98,1
492,1,283,1
493,1,14,1
494,1,258,1
495,1,215,1
496,1,25,1
497,1,117,1
498,1,12,1
499,1,368,1
