0,4,9,18,5,1,3.862937334,2.539563214,2.163433004,-2.49281801,2,2,2,2
2,2,12,1,-3.907759867,-1.82779418,2,2
3,1,1,-2.890672821,2
4,4,9,12,5,1,1.465677205,1.450200232,2.963000767,-4.203936526,2,2,2,2
6,4,9,12,5,1,1.812591599,1.112706021,4.190335135,-1.94134384,2,2,2,2
7,4,9,18,5,1,4.003974179,2.085128916,3.347027452,-1.357943317,2,2,2,2
8,4,9,18,5,1,2.922016162,1.8008632,4.603181991,-4.598463213,2,2,2,2
10,1,9,-2.657069493,2
11,2,9,5,-2.197348361,1.131607444,2,2
12,1,9,-4.956768115,2
13,1,5,1.548799898,2
14,1,18,-4.255826957,2
15,1,9,1.437190583,2
16,1,5,-1.814122864,2
17,1,9,-4.57839501,2
19,1,18,1.156388286,2
20,1,9,2.643948877,2
21,1,9,-4.992471687,2
22,1,18,2.80088232,2
23,1,9,4.218535289,2
24,1,18,4.553479817,2
25,1,9,4.393680449,2
26,1,18,4.068324699,2
27,1,5,4.26820789,2
28,1,18,3.199153042,2
29,1,5,2.45993313,2