0,3,43,114,124,1,1,1
1,5,0,12,85,102,255,1,1,1,1,1
2,1,0,1
3,4,1,8,48,54,1,1,1,1
4,6,3,6,11,76,90,141,1,1,1,1,1,1
5,6,0,7,14,64,78,149,1,1,1,1,1,1
9,3,0,74,82,1,1,1
10,4,4,160,181,184,1,1,1,1
13,1,9,1
15,1,1,1
16,1,5,1
17,1,4,1
18,1,0,1
19,1,7,1
20,3,7,27,56,1,1,1
21,3,5,25,107,1,1,1
22,6,1,28,59,87,133,151,1,1,1,1,1,1
23,1,0,1
24,1,18,1
26,1,5,1
29,1,11,1
30,1,10,1
31,3,4,84,144,1,1,1
32,3,25,42,68,1,1,1
33,1,0,1
34,1,4,1
35,1,22,1
36,4,18,39,57,66,1,1,1,1
37,1,21,1
38,1,5,1
40,2,1,215,1,1
41,1,18,1
44,1,1,1
45,2,44,50,1,1
46,1,36,1
47,2,36,234,1,1
49,1,5,1
51,1,1,1
52,2,22,103,1,1
53,1,1,1
55,1,32,1
58,1,27,1
60,1,1,1
61,1,1,1
62,1,4,1
63,1,5,1
65,1,47,1
67,2,38,71,1,1
69,1,1,1
70,1,44,1
72,3,22,128,146,1,1,1
73,2,4,211,1,1
75,3,60,89,109,1,1,1
77,1,50,1
79,1,54,1
80,1,32,1
81,1,17,1
83,1,78,1
86,1,6,1
88,1,22,1
91,1,20,1
92,1,32,1
93,1,54,1
94,1,11,1
95,1,4,1
96,1,0,1
97,1,67,1
98,1,17,1
99,1,47,1
100,1,1,1
101,1,60,1
104,1,27,1
105,1,48,1
106,1,71,1
108,1,90,1
110,1,0,1
111,1,10,1
112,1,21,1
113,1,21,1
115,1,17,1
116,1,1,1
117,1,72,1
118,1,68,1
119,1,0,1
120,1,1,1
121,1,32,1
122,1,45,1
123,1,16,1
125,1,32,1
126,1,22,1
127,1,84,1
129,1,73,1
130,1,5,1
131,1,20,1
132,1,19,1
134,1,22,1
135,1,38,1
136,1,114,1
137,1,1,1
138,1,28,1
139,1,4,1
140,1,108,1
142,1,72,1
143,2,21,222,1,1
145,1,60,1
147,1,5,1
148,1,73,1
150,1,82,1
152,1,36,1
153,1,1,1
154,1,39,1
155,1,135,1
156,1,48,1
157,1,5,1
158,1,52,1
159,1,31,1
161,1,118,1
162,1,38,1
163,1,104,1
164,1,146,1
165,1,40,1
166,1,89,1
167,1,89,1
168,1,36,1
169,1,82,1
170,1,154,1
171,1,107,1
172,1,1,1
173,1,143,1
174,1,169,1
175,1,1,1
176,1,1,1
177,1,154,1
178,1,42,1
179,1,56,1
180,1,160,1
182,1,74,1
183,1,4,1
185,1,57,1
186,1,52,1
187,1,5,1
188,1,168,1
189,1,128,1
190,1,18,1
191,1,185,1
192,1,155,1
193,1,85,1
194,1,108,1
195,1,4,1
196,1,133,1
197,1,143,1
198,1,36,1
199,1,59,1
200,1,149,1
201,1,162,1
202,1,36,1
203,1,64,1
204,1,4,1
205,1,0,1
206,1,124,1
207,1,184,1
208,1,151,1
209,1,203,1
210,1,155,1
212,1,10,1
213,1,8,1
214,1,22,1
216,1,16,1
217,1,45,1
218,1,211,1
219,1,30,1
220,1,14,1
221,1,155,1
223,1,93,1
224,1,32,1
225,1,43,1
226,1,93,1
227,1,4,1
228,1,32,1
229,1,73,1
230,1,4,1
231,1,162,1
232,1,155,1
233,1,16,1
235,1,4,1
236,1,181,1
237,1,32,1
238,1,38,1
239,1,168,1
240,1,67,1
241,1,66,1
242,1,44,1
243,1,78,1
244,1,143,1
245,1,102,1
246,1,154,1
247,1,30,1
248,1,5,1
249,1,77,1
250,1,30,1
251,1,76,1
252,1,44,1
253,1,44,1
254,1,168,1
256,1,135,1
257,1,60,1
258,1,5,1
259,1,6,1
260,1,234,1
261,1,87,1
262,1,67,1
263,1,8,1
264,1,32,1
265,1,141,1
266,1,36,1
267,1,75,1
268,1,255,1
269,1,76,1
270,1,67,1
271,1,140,1
272,1,58,1
273,1,155,1
274,1,103,1
275,1,1,1
276,1,40,1
277,1,222,1
278,1,5,1
279,1,22,1
280,1,12,1
281,1,215,1
282,1,4,1
283,1,10,1
284,1,18,1
285,1,1,1
286,1,108,1
287,1,162,1
288,1,226,1
289,1,4,1
290,1,144,1
291,1,0,1
292,1,135,1
293,1,162,1
294,1,199,1
295,1,109,1
296,1,286,1
297,1,0,1
298,1,4,1
299,1,103,1
